[
  {
    "id": 0,
    "img_name": "cam00",
    "width": 2704,
    "height": 2028,
    "position": [
      0.03231242933936459,
      -1.328557163250616,
      -0.2155790179237939
    ],
    "rotation": [
      [
        0.9990869768333588,
        -0.028720198254266343,
        0.03162851457490662
      ],
      [
        0.02536675119490293,
        0.9944863610469259,
        0.10175168610622429
      ],
      [
        -0.034376454962595185,
        -0.10085647179967848,
        0.9943069100837656
      ]
    ],
    "fy": 1462.0671309137679,
    "fx": 1462.0671309137679
  },
  {
    "id": 1,
    "img_name": "cam00",
    "width": 2704,
    "height": 2028,
    "position": [
      0.03231242933936459,
      -1.328557163250616,
      -0.2155790179237939
    ],
    "rotation": [
      [
        0.9990869768333588,
        -0.028720198254266343,
        0.03162851457490662
      ],
      [
        0.02536675119490293,
        0.9944863610469259,
        0.10175168610622429
      ],
      [
        -0.034376454962595185,
        -0.10085647179967848,
        0.9943069100837656
      ]
    ],
    "fy": 1462.0671309137679,
    "fx": 1462.0671309137679
  },
  {
    "id": 2,
    "img_name": "cam00",
    "width": 2704,
    "height": 2028,
    "position": [
      0.03231242933936459,
      -1.328557163250616,
      -0.2155790179237939
    ],
    "rotation": [
      [
        0.9990869768333588,
        -0.028720198254266343,
        0.03162851457490662
      ],
      [
        0.02536675119490293,
        0.9944863610469259,
        0.10175168610622429
      ],
      [
        -0.034376454962595185,
        -0.10085647179967848,
        0.9943069100837656
      ]
    ],
    "fy": 1462.0671309137679,
    "fx": 1462.0671309137679
  },
  {
    "id": 3,
    "img_name": "cam00",
    "width": 2704,
    "height": 2028,
    "position": [
      0.03231242933936459,
      -1.328557163250616,
      -0.2155790179237939
    ],
    "rotation": [
      [
        0.9990869768333588,
        -0.028720198254266343,
        0.03162851457490662
      ],
      [
        0.02536675119490293,
        0.9944863610469259,
        0.10175168610622429
      ],
      [
        -0.034376454962595185,
        -0.10085647179967848,
        0.9943069100837656
      ]
    ],
    "fy": 1462.0671309137679,
    "fx": 1462.0671309137679
  },
  {
    "id": 4,
    "img_name": "cam00",
    "width": 2704,
    "height": 2028,
    "position": [
      0.03231242933936459,
      -1.328557163250616,
      -0.2155790179237939
    ],
    "rotation": [
      [
        0.9990869768333588,
        -0.028720198254266343,
        0.03162851457490662
      ],
      [
        0.02536675119490293,
        0.9944863610469259,
        0.10175168610622429
      ],
      [
        -0.034376454962595185,
        -0.10085647179967848,
        0.9943069100837656
      ]
    ],
    "fy": 1462.0671309137679,
    "fx": 1462.0671309137679
  },
  {
    "id": 5,
    "img_name": "cam00",
    "width": 2704,
    "height": 2028,
    "position": [
      0.03231242933936459,
      -1.328557163250616,
      -0.2155790179237939
    ],
    "rotation": [
      [
        0.9990869768333588,
        -0.028720198254266343,
        0.03162851457490662
      ],
      [
        0.02536675119490293,
        0.9944863610469259,
        0.10175168610622429
      ],
      [
        -0.034376454962595185,
        -0.10085647179967848,
        0.9943069100837656
      ]
    ],
    "fy": 1462.0671309137679,
    "fx": 1462.0671309137679
  },
  {
    "id": 6,
    "img_name": "cam00",
    "width": 2704,
    "height": 2028,
    "position": [
      0.03231242933936459,
      -1.328557163250616,
      -0.2155790179237939
    ],
    "rotation": [
      [
        0.9990869768333588,
        -0.028720198254266343,
        0.03162851457490662
      ],
      [
        0.02536675119490293,
        0.9944863610469259,
        0.10175168610622429
      ],
      [
        -0.034376454962595185,
        -0.10085647179967848,
        0.9943069100837656
      ]
    ],
    "fy": 1462.0671309137679,
    "fx": 1462.0671309137679
  },
  {
    "id": 7,
    "img_name": "cam00",
    "width": 2704,
    "height": 2028,
    "position": [
      0.03231242933936459,
      -1.328557163250616,
      -0.2155790179237939
    ],
    "rotation": [
      [
        0.9990869768333588,
        -0.028720198254266343,
        0.03162851457490662
      ],
      [
        0.02536675119490293,
        0.9944863610469259,
        0.10175168610622429
      ],
      [
        -0.034376454962595185,
        -0.10085647179967848,
        0.9943069100837656
      ]
    ],
    "fy": 1462.0671309137679,
    "fx": 1462.0671309137679
  },
  {
    "id": 8,
    "img_name": "cam00",
    "width": 2704,
    "height": 2028,
    "position": [
      0.03231242933936459,
      -1.328557163250616,
      -0.2155790179237939
    ],
    "rotation": [
      [
        0.9990869768333588,
        -0.028720198254266343,
        0.03162851457490662
      ],
      [
        0.02536675119490293,
        0.9944863610469259,
        0.10175168610622429
      ],
      [
        -0.034376454962595185,
        -0.10085647179967848,
        0.9943069100837656
      ]
    ],
    "fy": 1462.0671309137679,
    "fx": 1462.0671309137679
  },
  {
    "id": 9,
    "img_name": "cam00",
    "width": 2704,
    "height": 2028,
    "position": [
      0.03231242933936459,
      -1.328557163250616,
      -0.2155790179237939
    ],
    "rotation": [
      [
        0.9990869768333588,
        -0.028720198254266343,
        0.03162851457490662
      ],
      [
        0.02536675119490293,
        0.9944863610469259,
        0.10175168610622429
      ],
      [
        -0.034376454962595185,
        -0.10085647179967848,
        0.9943069100837656
      ]
    ],
    "fy": 1462.0671309137679,
    "fx": 1462.0671309137679
  },
  {
    "id": 10,
    "img_name": "cam00",
    "width": 2704,
    "height": 2028,
    "position": [
      0.03231242933936459,
      -1.328557163250616,
      -0.2155790179237939
    ],
    "rotation": [
      [
        0.9990869768333588,
        -0.028720198254266343,
        0.03162851457490662
      ],
      [
        0.02536675119490293,
        0.9944863610469259,
        0.10175168610622429
      ],
      [
        -0.034376454962595185,
        -0.10085647179967848,
        0.9943069100837656
      ]
    ],
    "fy": 1462.0671309137679,
    "fx": 1462.0671309137679
  },
  {
    "id": 11,
    "img_name": "cam00",
    "width": 2704,
    "height": 2028,
    "position": [
      0.03231242933936459,
      -1.328557163250616,
      -0.2155790179237939
    ],
    "rotation": [
      [
        0.9990869768333588,
        -0.028720198254266343,
        0.03162851457490662
      ],
      [
        0.02536675119490293,
        0.9944863610469259,
        0.10175168610622429
      ],
      [
        -0.034376454962595185,
        -0.10085647179967848,
        0.9943069100837656
      ]
    ],
    "fy": 1462.0671309137679,
    "fx": 1462.0671309137679
  },
  {
    "id": 12,
    "img_name": "cam00",
    "width": 2704,
    "height": 2028,
    "position": [
      0.03231242933936459,
      -1.328557163250616,
      -0.2155790179237939
    ],
    "rotation": [
      [
        0.9990869768333588,
        -0.028720198254266343,
        0.03162851457490662
      ],
      [
        0.02536675119490293,
        0.9944863610469259,
        0.10175168610622429
      ],
      [
        -0.034376454962595185,
        -0.10085647179967848,
        0.9943069100837656
      ]
    ],
    "fy": 1462.0671309137679,
    "fx": 1462.0671309137679
  },
  {
    "id": 13,
    "img_name": "cam00",
    "width": 2704,
    "height": 2028,
    "position": [
      0.03231242933936459,
      -1.328557163250616,
      -0.2155790179237939
    ],
    "rotation": [
      [
        0.9990869768333588,
        -0.028720198254266343,
        0.03162851457490662
      ],
      [
        0.02536675119490293,
        0.9944863610469259,
        0.10175168610622429
      ],
      [
        -0.034376454962595185,
        -0.10085647179967848,
        0.9943069100837656
      ]
    ],
    "fy": 1462.0671309137679,
    "fx": 1462.0671309137679
  },
  {
    "id": 14,
    "img_name": "cam00",
    "width": 2704,
    "height": 2028,
    "position": [
      0.03231242933936459,
      -1.328557163250616,
      -0.2155790179237939
    ],
    "rotation": [
      [
        0.9990869768333588,
        -0.028720198254266343,
        0.03162851457490662
      ],
      [
        0.02536675119490293,
        0.9944863610469259,
        0.10175168610622429
      ],
      [
        -0.034376454962595185,
        -0.10085647179967848,
        0.9943069100837656
      ]
    ],
    "fy": 1462.0671309137679,
    "fx": 1462.0671309137679
  },
  {
    "id": 15,
    "img_name": "cam00",
    "width": 2704,
    "height": 2028,
    "position": [
      0.03231242933936459,
      -1.328557163250616,
      -0.2155790179237939
    ],
    "rotation": [
      [
        0.9990869768333588,
        -0.028720198254266343,
        0.03162851457490662
      ],
      [
        0.02536675119490293,
        0.9944863610469259,
        0.10175168610622429
      ],
      [
        -0.034376454962595185,
        -0.10085647179967848,
        0.9943069100837656
      ]
    ],
    "fy": 1462.0671309137679,
    "fx": 1462.0671309137679
  },
  {
    "id": 16,
    "img_name": "cam00",
    "width": 2704,
    "height": 2028,
    "position": [
      0.03231242933936459,
      -1.328557163250616,
      -0.2155790179237939
    ],
    "rotation": [
      [
        0.9990869768333588,
        -0.028720198254266343,
        0.03162851457490662
      ],
      [
        0.02536675119490293,
        0.9944863610469259,
        0.10175168610622429
      ],
      [
        -0.034376454962595185,
        -0.10085647179967848,
        0.9943069100837656
      ]
    ],
    "fy": 1462.0671309137679,
    "fx": 1462.0671309137679
  },
  {
    "id": 17,
    "img_name": "cam00",
    "width": 2704,
    "height": 2028,
    "position": [
      0.03231242933936459,
      -1.328557163250616,
      -0.2155790179237939
    ],
    "rotation": [
      [
        0.9990869768333588,
        -0.028720198254266343,
        0.03162851457490662
      ],
      [
        0.02536675119490293,
        0.9944863610469259,
        0.10175168610622429
      ],
      [
        -0.034376454962595185,
        -0.10085647179967848,
        0.9943069100837656
      ]
    ],
    "fy": 1462.0671309137679,
    "fx": 1462.0671309137679
  },
  {
    "id": 18,
    "img_name": "cam00",
    "width": 2704,
    "height": 2028,
    "position": [
      0.03231242933936459,
      -1.328557163250616,
      -0.2155790179237939
    ],
    "rotation": [
      [
        0.9990869768333588,
        -0.028720198254266343,
        0.03162851457490662
      ],
      [
        0.02536675119490293,
        0.9944863610469259,
        0.10175168610622429
      ],
      [
        -0.034376454962595185,
        -0.10085647179967848,
        0.9943069100837656
      ]
    ],
    "fy": 1462.0671309137679,
    "fx": 1462.0671309137679
  },
  {
    "id": 19,
    "img_name": "cam00",
    "width": 2704,
    "height": 2028,
    "position": [
      0.03231242933936459,
      -1.328557163250616,
      -0.2155790179237939
    ],
    "rotation": [
      [
        0.9990869768333588,
        -0.028720198254266343,
        0.03162851457490662
      ],
      [
        0.02536675119490293,
        0.9944863610469259,
        0.10175168610622429
      ],
      [
        -0.034376454962595185,
        -0.10085647179967848,
        0.9943069100837656
      ]
    ],
    "fy": 1462.0671309137679,
    "fx": 1462.0671309137679
  },
  {
    "id": 20,
    "img_name": "cam00",
    "width": 2704,
    "height": 2028,
    "position": [
      0.03231242933936459,
      -1.328557163250616,
      -0.2155790179237939
    ],
    "rotation": [
      [
        0.9990869768333588,
        -0.028720198254266343,
        0.03162851457490662
      ],
      [
        0.02536675119490293,
        0.9944863610469259,
        0.10175168610622429
      ],
      [
        -0.034376454962595185,
        -0.10085647179967848,
        0.9943069100837656
      ]
    ],
    "fy": 1462.0671309137679,
    "fx": 1462.0671309137679
  },
  {
    "id": 21,
    "img_name": "cam00",
    "width": 2704,
    "height": 2028,
    "position": [
      0.03231242933936459,
      -1.328557163250616,
      -0.2155790179237939
    ],
    "rotation": [
      [
        0.9990869768333588,
        -0.028720198254266343,
        0.03162851457490662
      ],
      [
        0.02536675119490293,
        0.9944863610469259,
        0.10175168610622429
      ],
      [
        -0.034376454962595185,
        -0.10085647179967848,
        0.9943069100837656
      ]
    ],
    "fy": 1462.0671309137679,
    "fx": 1462.0671309137679
  },
  {
    "id": 22,
    "img_name": "cam00",
    "width": 2704,
    "height": 2028,
    "position": [
      0.03231242933936459,
      -1.328557163250616,
      -0.2155790179237939
    ],
    "rotation": [
      [
        0.9990869768333588,
        -0.028720198254266343,
        0.03162851457490662
      ],
      [
        0.02536675119490293,
        0.9944863610469259,
        0.10175168610622429
      ],
      [
        -0.034376454962595185,
        -0.10085647179967848,
        0.9943069100837656
      ]
    ],
    "fy": 1462.0671309137679,
    "fx": 1462.0671309137679
  },
  {
    "id": 23,
    "img_name": "cam00",
    "width": 2704,
    "height": 2028,
    "position": [
      0.03231242933936459,
      -1.328557163250616,
      -0.2155790179237939
    ],
    "rotation": [
      [
        0.9990869768333588,
        -0.028720198254266343,
        0.03162851457490662
      ],
      [
        0.02536675119490293,
        0.9944863610469259,
        0.10175168610622429
      ],
      [
        -0.034376454962595185,
        -0.10085647179967848,
        0.9943069100837656
      ]
    ],
    "fy": 1462.0671309137679,
    "fx": 1462.0671309137679
  },
  {
    "id": 24,
    "img_name": "cam00",
    "width": 2704,
    "height": 2028,
    "position": [
      0.03231242933936459,
      -1.328557163250616,
      -0.2155790179237939
    ],
    "rotation": [
      [
        0.9990869768333588,
        -0.028720198254266343,
        0.03162851457490662
      ],
      [
        0.02536675119490293,
        0.9944863610469259,
        0.10175168610622429
      ],
      [
        -0.034376454962595185,
        -0.10085647179967848,
        0.9943069100837656
      ]
    ],
    "fy": 1462.0671309137679,
    "fx": 1462.0671309137679
  },
  {
    "id": 25,
    "img_name": "cam00",
    "width": 2704,
    "height": 2028,
    "position": [
      0.03231242933936459,
      -1.328557163250616,
      -0.2155790179237939
    ],
    "rotation": [
      [
        0.9990869768333588,
        -0.028720198254266343,
        0.03162851457490662
      ],
      [
        0.02536675119490293,
        0.9944863610469259,
        0.10175168610622429
      ],
      [
        -0.034376454962595185,
        -0.10085647179967848,
        0.9943069100837656
      ]
    ],
    "fy": 1462.0671309137679,
    "fx": 1462.0671309137679
  },
  {
    "id": 26,
    "img_name": "cam00",
    "width": 2704,
    "height": 2028,
    "position": [
      0.03231242933936459,
      -1.328557163250616,
      -0.2155790179237939
    ],
    "rotation": [
      [
        0.9990869768333588,
        -0.028720198254266343,
        0.03162851457490662
      ],
      [
        0.02536675119490293,
        0.9944863610469259,
        0.10175168610622429
      ],
      [
        -0.034376454962595185,
        -0.10085647179967848,
        0.9943069100837656
      ]
    ],
    "fy": 1462.0671309137679,
    "fx": 1462.0671309137679
  },
  {
    "id": 27,
    "img_name": "cam00",
    "width": 2704,
    "height": 2028,
    "position": [
      0.03231242933936459,
      -1.328557163250616,
      -0.2155790179237939
    ],
    "rotation": [
      [
        0.9990869768333588,
        -0.028720198254266343,
        0.03162851457490662
      ],
      [
        0.02536675119490293,
        0.9944863610469259,
        0.10175168610622429
      ],
      [
        -0.034376454962595185,
        -0.10085647179967848,
        0.9943069100837656
      ]
    ],
    "fy": 1462.0671309137679,
    "fx": 1462.0671309137679
  },
  {
    "id": 28,
    "img_name": "cam00",
    "width": 2704,
    "height": 2028,
    "position": [
      0.03231242933936459,
      -1.328557163250616,
      -0.2155790179237939
    ],
    "rotation": [
      [
        0.9990869768333588,
        -0.028720198254266343,
        0.03162851457490662
      ],
      [
        0.02536675119490293,
        0.9944863610469259,
        0.10175168610622429
      ],
      [
        -0.034376454962595185,
        -0.10085647179967848,
        0.9943069100837656
      ]
    ],
    "fy": 1462.0671309137679,
    "fx": 1462.0671309137679
  },
  {
    "id": 29,
    "img_name": "cam00",
    "width": 2704,
    "height": 2028,
    "position": [
      0.03231242933936459,
      -1.328557163250616,
      -0.2155790179237939
    ],
    "rotation": [
      [
        0.9990869768333588,
        -0.028720198254266343,
        0.03162851457490662
      ],
      [
        0.02536675119490293,
        0.9944863610469259,
        0.10175168610622429
      ],
      [
        -0.034376454962595185,
        -0.10085647179967848,
        0.9943069100837656
      ]
    ],
    "fy": 1462.0671309137679,
    "fx": 1462.0671309137679
  },
  {
    "id": 30,
    "img_name": "cam00",
    "width": 2704,
    "height": 2028,
    "position": [
      0.03231242933936459,
      -1.328557163250616,
      -0.2155790179237939
    ],
    "rotation": [
      [
        0.9990869768333588,
        -0.028720198254266343,
        0.03162851457490662
      ],
      [
        0.02536675119490293,
        0.9944863610469259,
        0.10175168610622429
      ],
      [
        -0.034376454962595185,
        -0.10085647179967848,
        0.9943069100837656
      ]
    ],
    "fy": 1462.0671309137679,
    "fx": 1462.0671309137679
  },
  {
    "id": 31,
    "img_name": "cam00",
    "width": 2704,
    "height": 2028,
    "position": [
      0.03231242933936459,
      -1.328557163250616,
      -0.2155790179237939
    ],
    "rotation": [
      [
        0.9990869768333588,
        -0.028720198254266343,
        0.03162851457490662
      ],
      [
        0.02536675119490293,
        0.9944863610469259,
        0.10175168610622429
      ],
      [
        -0.034376454962595185,
        -0.10085647179967848,
        0.9943069100837656
      ]
    ],
    "fy": 1462.0671309137679,
    "fx": 1462.0671309137679
  },
  {
    "id": 32,
    "img_name": "cam00",
    "width": 2704,
    "height": 2028,
    "position": [
      0.03231242933936459,
      -1.328557163250616,
      -0.2155790179237939
    ],
    "rotation": [
      [
        0.9990869768333588,
        -0.028720198254266343,
        0.03162851457490662
      ],
      [
        0.02536675119490293,
        0.9944863610469259,
        0.10175168610622429
      ],
      [
        -0.034376454962595185,
        -0.10085647179967848,
        0.9943069100837656
      ]
    ],
    "fy": 1462.0671309137679,
    "fx": 1462.0671309137679
  },
  {
    "id": 33,
    "img_name": "cam00",
    "width": 2704,
    "height": 2028,
    "position": [
      0.03231242933936459,
      -1.328557163250616,
      -0.2155790179237939
    ],
    "rotation": [
      [
        0.9990869768333588,
        -0.028720198254266343,
        0.03162851457490662
      ],
      [
        0.02536675119490293,
        0.9944863610469259,
        0.10175168610622429
      ],
      [
        -0.034376454962595185,
        -0.10085647179967848,
        0.9943069100837656
      ]
    ],
    "fy": 1462.0671309137679,
    "fx": 1462.0671309137679
  },
  {
    "id": 34,
    "img_name": "cam00",
    "width": 2704,
    "height": 2028,
    "position": [
      0.03231242933936459,
      -1.328557163250616,
      -0.2155790179237939
    ],
    "rotation": [
      [
        0.9990869768333588,
        -0.028720198254266343,
        0.03162851457490662
      ],
      [
        0.02536675119490293,
        0.9944863610469259,
        0.10175168610622429
      ],
      [
        -0.034376454962595185,
        -0.10085647179967848,
        0.9943069100837656
      ]
    ],
    "fy": 1462.0671309137679,
    "fx": 1462.0671309137679
  },
  {
    "id": 35,
    "img_name": "cam00",
    "width": 2704,
    "height": 2028,
    "position": [
      0.03231242933936459,
      -1.328557163250616,
      -0.2155790179237939
    ],
    "rotation": [
      [
        0.9990869768333588,
        -0.028720198254266343,
        0.03162851457490662
      ],
      [
        0.02536675119490293,
        0.9944863610469259,
        0.10175168610622429
      ],
      [
        -0.034376454962595185,
        -0.10085647179967848,
        0.9943069100837656
      ]
    ],
    "fy": 1462.0671309137679,
    "fx": 1462.0671309137679
  },
  {
    "id": 36,
    "img_name": "cam00",
    "width": 2704,
    "height": 2028,
    "position": [
      0.03231242933936459,
      -1.328557163250616,
      -0.2155790179237939
    ],
    "rotation": [
      [
        0.9990869768333588,
        -0.028720198254266343,
        0.03162851457490662
      ],
      [
        0.02536675119490293,
        0.9944863610469259,
        0.10175168610622429
      ],
      [
        -0.034376454962595185,
        -0.10085647179967848,
        0.9943069100837656
      ]
    ],
    "fy": 1462.0671309137679,
    "fx": 1462.0671309137679
  },
  {
    "id": 37,
    "img_name": "cam00",
    "width": 2704,
    "height": 2028,
    "position": [
      0.03231242933936459,
      -1.328557163250616,
      -0.2155790179237939
    ],
    "rotation": [
      [
        0.9990869768333588,
        -0.028720198254266343,
        0.03162851457490662
      ],
      [
        0.02536675119490293,
        0.9944863610469259,
        0.10175168610622429
      ],
      [
        -0.034376454962595185,
        -0.10085647179967848,
        0.9943069100837656
      ]
    ],
    "fy": 1462.0671309137679,
    "fx": 1462.0671309137679
  },
  {
    "id": 38,
    "img_name": "cam00",
    "width": 2704,
    "height": 2028,
    "position": [
      0.03231242933936459,
      -1.328557163250616,
      -0.2155790179237939
    ],
    "rotation": [
      [
        0.9990869768333588,
        -0.028720198254266343,
        0.03162851457490662
      ],
      [
        0.02536675119490293,
        0.9944863610469259,
        0.10175168610622429
      ],
      [
        -0.034376454962595185,
        -0.10085647179967848,
        0.9943069100837656
      ]
    ],
    "fy": 1462.0671309137679,
    "fx": 1462.0671309137679
  },
  {
    "id": 39,
    "img_name": "cam00",
    "width": 2704,
    "height": 2028,
    "position": [
      0.03231242933936459,
      -1.328557163250616,
      -0.2155790179237939
    ],
    "rotation": [
      [
        0.9990869768333588,
        -0.028720198254266343,
        0.03162851457490662
      ],
      [
        0.02536675119490293,
        0.9944863610469259,
        0.10175168610622429
      ],
      [
        -0.034376454962595185,
        -0.10085647179967848,
        0.9943069100837656
      ]
    ],
    "fy": 1462.0671309137679,
    "fx": 1462.0671309137679
  },
  {
    "id": 40,
    "img_name": "cam00",
    "width": 2704,
    "height": 2028,
    "position": [
      0.03231242933936459,
      -1.328557163250616,
      -0.2155790179237939
    ],
    "rotation": [
      [
        0.9990869768333588,
        -0.028720198254266343,
        0.03162851457490662
      ],
      [
        0.02536675119490293,
        0.9944863610469259,
        0.10175168610622429
      ],
      [
        -0.034376454962595185,
        -0.10085647179967848,
        0.9943069100837656
      ]
    ],
    "fy": 1462.0671309137679,
    "fx": 1462.0671309137679
  },
  {
    "id": 41,
    "img_name": "cam00",
    "width": 2704,
    "height": 2028,
    "position": [
      0.03231242933936459,
      -1.328557163250616,
      -0.2155790179237939
    ],
    "rotation": [
      [
        0.9990869768333588,
        -0.028720198254266343,
        0.03162851457490662
      ],
      [
        0.02536675119490293,
        0.9944863610469259,
        0.10175168610622429
      ],
      [
        -0.034376454962595185,
        -0.10085647179967848,
        0.9943069100837656
      ]
    ],
    "fy": 1462.0671309137679,
    "fx": 1462.0671309137679
  },
  {
    "id": 42,
    "img_name": "cam00",
    "width": 2704,
    "height": 2028,
    "position": [
      0.03231242933936459,
      -1.328557163250616,
      -0.2155790179237939
    ],
    "rotation": [
      [
        0.9990869768333588,
        -0.028720198254266343,
        0.03162851457490662
      ],
      [
        0.02536675119490293,
        0.9944863610469259,
        0.10175168610622429
      ],
      [
        -0.034376454962595185,
        -0.10085647179967848,
        0.9943069100837656
      ]
    ],
    "fy": 1462.0671309137679,
    "fx": 1462.0671309137679
  },
  {
    "id": 43,
    "img_name": "cam00",
    "width": 2704,
    "height": 2028,
    "position": [
      0.03231242933936459,
      -1.328557163250616,
      -0.2155790179237939
    ],
    "rotation": [
      [
        0.9990869768333588,
        -0.028720198254266343,
        0.03162851457490662
      ],
      [
        0.02536675119490293,
        0.9944863610469259,
        0.10175168610622429
      ],
      [
        -0.034376454962595185,
        -0.10085647179967848,
        0.9943069100837656
      ]
    ],
    "fy": 1462.0671309137679,
    "fx": 1462.0671309137679
  },
  {
    "id": 44,
    "img_name": "cam00",
    "width": 2704,
    "height": 2028,
    "position": [
      0.03231242933936459,
      -1.328557163250616,
      -0.2155790179237939
    ],
    "rotation": [
      [
        0.9990869768333588,
        -0.028720198254266343,
        0.03162851457490662
      ],
      [
        0.02536675119490293,
        0.9944863610469259,
        0.10175168610622429
      ],
      [
        -0.034376454962595185,
        -0.10085647179967848,
        0.9943069100837656
      ]
    ],
    "fy": 1462.0671309137679,
    "fx": 1462.0671309137679
  },
  {
    "id": 45,
    "img_name": "cam00",
    "width": 2704,
    "height": 2028,
    "position": [
      0.03231242933936459,
      -1.328557163250616,
      -0.2155790179237939
    ],
    "rotation": [
      [
        0.9990869768333588,
        -0.028720198254266343,
        0.03162851457490662
      ],
      [
        0.02536675119490293,
        0.9944863610469259,
        0.10175168610622429
      ],
      [
        -0.034376454962595185,
        -0.10085647179967848,
        0.9943069100837656
      ]
    ],
    "fy": 1462.0671309137679,
    "fx": 1462.0671309137679
  },
  {
    "id": 46,
    "img_name": "cam00",
    "width": 2704,
    "height": 2028,
    "position": [
      0.03231242933936459,
      -1.328557163250616,
      -0.2155790179237939
    ],
    "rotation": [
      [
        0.9990869768333588,
        -0.028720198254266343,
        0.03162851457490662
      ],
      [
        0.02536675119490293,
        0.9944863610469259,
        0.10175168610622429
      ],
      [
        -0.034376454962595185,
        -0.10085647179967848,
        0.9943069100837656
      ]
    ],
    "fy": 1462.0671309137679,
    "fx": 1462.0671309137679
  },
  {
    "id": 47,
    "img_name": "cam00",
    "width": 2704,
    "height": 2028,
    "position": [
      0.03231242933936459,
      -1.328557163250616,
      -0.2155790179237939
    ],
    "rotation": [
      [
        0.9990869768333588,
        -0.028720198254266343,
        0.03162851457490662
      ],
      [
        0.02536675119490293,
        0.9944863610469259,
        0.10175168610622429
      ],
      [
        -0.034376454962595185,
        -0.10085647179967848,
        0.9943069100837656
      ]
    ],
    "fy": 1462.0671309137679,
    "fx": 1462.0671309137679
  },
  {
    "id": 48,
    "img_name": "cam00",
    "width": 2704,
    "height": 2028,
    "position": [
      0.03231242933936459,
      -1.328557163250616,
      -0.2155790179237939
    ],
    "rotation": [
      [
        0.9990869768333588,
        -0.028720198254266343,
        0.03162851457490662
      ],
      [
        0.02536675119490293,
        0.9944863610469259,
        0.10175168610622429
      ],
      [
        -0.034376454962595185,
        -0.10085647179967848,
        0.9943069100837656
      ]
    ],
    "fy": 1462.0671309137679,
    "fx": 1462.0671309137679
  },
  {
    "id": 49,
    "img_name": "cam00",
    "width": 2704,
    "height": 2028,
    "position": [
      0.03231242933936459,
      -1.328557163250616,
      -0.2155790179237939
    ],
    "rotation": [
      [
        0.9990869768333588,
        -0.028720198254266343,
        0.03162851457490662
      ],
      [
        0.02536675119490293,
        0.9944863610469259,
        0.10175168610622429
      ],
      [
        -0.034376454962595185,
        -0.10085647179967848,
        0.9943069100837656
      ]
    ],
    "fy": 1462.0671309137679,
    "fx": 1462.0671309137679
  },
  {
    "id": 50,
    "img_name": "cam00",
    "width": 2704,
    "height": 2028,
    "position": [
      0.03231242933936459,
      -1.328557163250616,
      -0.2155790179237939
    ],
    "rotation": [
      [
        0.9990869768333588,
        -0.028720198254266343,
        0.03162851457490662
      ],
      [
        0.02536675119490293,
        0.9944863610469259,
        0.10175168610622429
      ],
      [
        -0.034376454962595185,
        -0.10085647179967848,
        0.9943069100837656
      ]
    ],
    "fy": 1462.0671309137679,
    "fx": 1462.0671309137679
  },
  {
    "id": 51,
    "img_name": "cam00",
    "width": 2704,
    "height": 2028,
    "position": [
      0.03231242933936459,
      -1.328557163250616,
      -0.2155790179237939
    ],
    "rotation": [
      [
        0.9990869768333588,
        -0.028720198254266343,
        0.03162851457490662
      ],
      [
        0.02536675119490293,
        0.9944863610469259,
        0.10175168610622429
      ],
      [
        -0.034376454962595185,
        -0.10085647179967848,
        0.9943069100837656
      ]
    ],
    "fy": 1462.0671309137679,
    "fx": 1462.0671309137679
  },
  {
    "id": 52,
    "img_name": "cam00",
    "width": 2704,
    "height": 2028,
    "position": [
      0.03231242933936459,
      -1.328557163250616,
      -0.2155790179237939
    ],
    "rotation": [
      [
        0.9990869768333588,
        -0.028720198254266343,
        0.03162851457490662
      ],
      [
        0.02536675119490293,
        0.9944863610469259,
        0.10175168610622429
      ],
      [
        -0.034376454962595185,
        -0.10085647179967848,
        0.9943069100837656
      ]
    ],
    "fy": 1462.0671309137679,
    "fx": 1462.0671309137679
  },
  {
    "id": 53,
    "img_name": "cam00",
    "width": 2704,
    "height": 2028,
    "position": [
      0.03231242933936459,
      -1.328557163250616,
      -0.2155790179237939
    ],
    "rotation": [
      [
        0.9990869768333588,
        -0.028720198254266343,
        0.03162851457490662
      ],
      [
        0.02536675119490293,
        0.9944863610469259,
        0.10175168610622429
      ],
      [
        -0.034376454962595185,
        -0.10085647179967848,
        0.9943069100837656
      ]
    ],
    "fy": 1462.0671309137679,
    "fx": 1462.0671309137679
  },
  {
    "id": 54,
    "img_name": "cam00",
    "width": 2704,
    "height": 2028,
    "position": [
      0.03231242933936459,
      -1.328557163250616,
      -0.2155790179237939
    ],
    "rotation": [
      [
        0.9990869768333588,
        -0.028720198254266343,
        0.03162851457490662
      ],
      [
        0.02536675119490293,
        0.9944863610469259,
        0.10175168610622429
      ],
      [
        -0.034376454962595185,
        -0.10085647179967848,
        0.9943069100837656
      ]
    ],
    "fy": 1462.0671309137679,
    "fx": 1462.0671309137679
  },
  {
    "id": 55,
    "img_name": "cam00",
    "width": 2704,
    "height": 2028,
    "position": [
      0.03231242933936459,
      -1.328557163250616,
      -0.2155790179237939
    ],
    "rotation": [
      [
        0.9990869768333588,
        -0.028720198254266343,
        0.03162851457490662
      ],
      [
        0.02536675119490293,
        0.9944863610469259,
        0.10175168610622429
      ],
      [
        -0.034376454962595185,
        -0.10085647179967848,
        0.9943069100837656
      ]
    ],
    "fy": 1462.0671309137679,
    "fx": 1462.0671309137679
  },
  {
    "id": 56,
    "img_name": "cam00",
    "width": 2704,
    "height": 2028,
    "position": [
      0.03231242933936459,
      -1.328557163250616,
      -0.2155790179237939
    ],
    "rotation": [
      [
        0.9990869768333588,
        -0.028720198254266343,
        0.03162851457490662
      ],
      [
        0.02536675119490293,
        0.9944863610469259,
        0.10175168610622429
      ],
      [
        -0.034376454962595185,
        -0.10085647179967848,
        0.9943069100837656
      ]
    ],
    "fy": 1462.0671309137679,
    "fx": 1462.0671309137679
  },
  {
    "id": 57,
    "img_name": "cam00",
    "width": 2704,
    "height": 2028,
    "position": [
      0.03231242933936459,
      -1.328557163250616,
      -0.2155790179237939
    ],
    "rotation": [
      [
        0.9990869768333588,
        -0.028720198254266343,
        0.03162851457490662
      ],
      [
        0.02536675119490293,
        0.9944863610469259,
        0.10175168610622429
      ],
      [
        -0.034376454962595185,
        -0.10085647179967848,
        0.9943069100837656
      ]
    ],
    "fy": 1462.0671309137679,
    "fx": 1462.0671309137679
  },
  {
    "id": 58,
    "img_name": "cam00",
    "width": 2704,
    "height": 2028,
    "position": [
      0.03231242933936459,
      -1.328557163250616,
      -0.2155790179237939
    ],
    "rotation": [
      [
        0.9990869768333588,
        -0.028720198254266343,
        0.03162851457490662
      ],
      [
        0.02536675119490293,
        0.9944863610469259,
        0.10175168610622429
      ],
      [
        -0.034376454962595185,
        -0.10085647179967848,
        0.9943069100837656
      ]
    ],
    "fy": 1462.0671309137679,
    "fx": 1462.0671309137679
  },
  {
    "id": 59,
    "img_name": "cam00",
    "width": 2704,
    "height": 2028,
    "position": [
      0.03231242933936459,
      -1.328557163250616,
      -0.2155790179237939
    ],
    "rotation": [
      [
        0.9990869768333588,
        -0.028720198254266343,
        0.03162851457490662
      ],
      [
        0.02536675119490293,
        0.9944863610469259,
        0.10175168610622429
      ],
      [
        -0.034376454962595185,
        -0.10085647179967848,
        0.9943069100837656
      ]
    ],
    "fy": 1462.0671309137679,
    "fx": 1462.0671309137679
  },
  {
    "id": 60,
    "img_name": "cam00",
    "width": 2704,
    "height": 2028,
    "position": [
      0.03231242933936459,
      -1.328557163250616,
      -0.2155790179237939
    ],
    "rotation": [
      [
        0.9990869768333588,
        -0.028720198254266343,
        0.03162851457490662
      ],
      [
        0.02536675119490293,
        0.9944863610469259,
        0.10175168610622429
      ],
      [
        -0.034376454962595185,
        -0.10085647179967848,
        0.9943069100837656
      ]
    ],
    "fy": 1462.0671309137679,
    "fx": 1462.0671309137679
  },
  {
    "id": 61,
    "img_name": "cam00",
    "width": 2704,
    "height": 2028,
    "position": [
      0.03231242933936459,
      -1.328557163250616,
      -0.2155790179237939
    ],
    "rotation": [
      [
        0.9990869768333588,
        -0.028720198254266343,
        0.03162851457490662
      ],
      [
        0.02536675119490293,
        0.9944863610469259,
        0.10175168610622429
      ],
      [
        -0.034376454962595185,
        -0.10085647179967848,
        0.9943069100837656
      ]
    ],
    "fy": 1462.0671309137679,
    "fx": 1462.0671309137679
  },
  {
    "id": 62,
    "img_name": "cam00",
    "width": 2704,
    "height": 2028,
    "position": [
      0.03231242933936459,
      -1.328557163250616,
      -0.2155790179237939
    ],
    "rotation": [
      [
        0.9990869768333588,
        -0.028720198254266343,
        0.03162851457490662
      ],
      [
        0.02536675119490293,
        0.9944863610469259,
        0.10175168610622429
      ],
      [
        -0.034376454962595185,
        -0.10085647179967848,
        0.9943069100837656
      ]
    ],
    "fy": 1462.0671309137679,
    "fx": 1462.0671309137679
  },
  {
    "id": 63,
    "img_name": "cam00",
    "width": 2704,
    "height": 2028,
    "position": [
      0.03231242933936459,
      -1.328557163250616,
      -0.2155790179237939
    ],
    "rotation": [
      [
        0.9990869768333588,
        -0.028720198254266343,
        0.03162851457490662
      ],
      [
        0.02536675119490293,
        0.9944863610469259,
        0.10175168610622429
      ],
      [
        -0.034376454962595185,
        -0.10085647179967848,
        0.9943069100837656
      ]
    ],
    "fy": 1462.0671309137679,
    "fx": 1462.0671309137679
  },
  {
    "id": 64,
    "img_name": "cam00",
    "width": 2704,
    "height": 2028,
    "position": [
      0.03231242933936459,
      -1.328557163250616,
      -0.2155790179237939
    ],
    "rotation": [
      [
        0.9990869768333588,
        -0.028720198254266343,
        0.03162851457490662
      ],
      [
        0.02536675119490293,
        0.9944863610469259,
        0.10175168610622429
      ],
      [
        -0.034376454962595185,
        -0.10085647179967848,
        0.9943069100837656
      ]
    ],
    "fy": 1462.0671309137679,
    "fx": 1462.0671309137679
  },
  {
    "id": 65,
    "img_name": "cam00",
    "width": 2704,
    "height": 2028,
    "position": [
      0.03231242933936459,
      -1.328557163250616,
      -0.2155790179237939
    ],
    "rotation": [
      [
        0.9990869768333588,
        -0.028720198254266343,
        0.03162851457490662
      ],
      [
        0.02536675119490293,
        0.9944863610469259,
        0.10175168610622429
      ],
      [
        -0.034376454962595185,
        -0.10085647179967848,
        0.9943069100837656
      ]
    ],
    "fy": 1462.0671309137679,
    "fx": 1462.0671309137679
  },
  {
    "id": 66,
    "img_name": "cam00",
    "width": 2704,
    "height": 2028,
    "position": [
      0.03231242933936459,
      -1.328557163250616,
      -0.2155790179237939
    ],
    "rotation": [
      [
        0.9990869768333588,
        -0.028720198254266343,
        0.03162851457490662
      ],
      [
        0.02536675119490293,
        0.9944863610469259,
        0.10175168610622429
      ],
      [
        -0.034376454962595185,
        -0.10085647179967848,
        0.9943069100837656
      ]
    ],
    "fy": 1462.0671309137679,
    "fx": 1462.0671309137679
  },
  {
    "id": 67,
    "img_name": "cam00",
    "width": 2704,
    "height": 2028,
    "position": [
      0.03231242933936459,
      -1.328557163250616,
      -0.2155790179237939
    ],
    "rotation": [
      [
        0.9990869768333588,
        -0.028720198254266343,
        0.03162851457490662
      ],
      [
        0.02536675119490293,
        0.9944863610469259,
        0.10175168610622429
      ],
      [
        -0.034376454962595185,
        -0.10085647179967848,
        0.9943069100837656
      ]
    ],
    "fy": 1462.0671309137679,
    "fx": 1462.0671309137679
  },
  {
    "id": 68,
    "img_name": "cam00",
    "width": 2704,
    "height": 2028,
    "position": [
      0.03231242933936459,
      -1.328557163250616,
      -0.2155790179237939
    ],
    "rotation": [
      [
